   1  0.999  0.999  0.251 217 2.74 211 2.74 130 2.74 218 2.75 124 2.75 123 2.76
   2  0.252  1.000  0.245 126 2.72 212 2.73 124 2.74 125 2.80 213 2.81 211 2.82
   3  0.496  0.000  0.250 213 2.73 126 2.73 127 2.74 214 2.75 128 2.77 215 2.78
   4  0.753  0.999  0.256 217 2.72 215 2.74 129 2.75 130 2.80 216 2.82 128 2.85 105 3.17
   5  0.999  0.084  0.250 129 2.73 131 2.73 138 2.74 132 2.75 130 2.76 123 2.76
   6  0.247  0.083  0.249 132 2.78 123 2.78 125 2.80 124 2.80 133 2.80 134 2.81 107 3.08  98 3.09
   7  0.502  0.083  0.249 136 2.72 127 2.73 126 2.74 135 2.75 125 2.75 134 2.76
   8  0.754  0.084  0.251 137 2.78 138 2.79 129 2.80 128 2.80 136 2.81 127 2.82  97 3.10 108 3.11
   9  1.000  0.167  0.250 139 2.73 138 2.73 140 2.74 137 2.74 131 2.75 146 2.75
  10  0.250  0.167  0.249 141 2.73 132 2.73 140 2.74 133 2.74 131 2.75 142 2.75
  11  0.500  0.167  0.250 143 2.74 144 2.74 134 2.74 133 2.74 142 2.75 135 2.75
  12  0.751  0.167  0.251 145 2.72 136 2.73 137 2.75 144 2.75 135 2.75 146 2.75
  13  0.001  0.250  0.250 148 2.73 146 2.74 139 2.74 145 2.75 147 2.76 154 2.76
  14  0.247  0.250  0.249 140 2.78 139 2.79 149 2.80 148 2.80 141 2.81 150 2.81 110 3.07  99 3.10
  15  0.501  0.250  0.250 142 2.73 152 2.73 143 2.74 150 2.76 141 2.76 151 2.76
  16  0.748  0.250  0.250 144 2.78 143 2.79 152 2.80 153 2.80 145 2.81 154 2.81 109 3.08 100 3.10
  17  0.004  0.336  0.249 156 2.72 162 2.73 155 2.73 147 2.77 153 2.77 154 2.79
  18  0.247  0.334  0.244 156 2.72 158 2.74 148 2.75 147 2.78 157 2.82 149 2.84 115 3.17
  19  0.508  0.336  0.249 159 2.72 160 2.73 158 2.74 151 2.74 150 2.79 149 2.80
  20  0.751  0.334  0.244 160 2.72 162 2.73 152 2.73 153 2.81 151 2.81 161 2.82
  21  0.001  0.417  0.250 164 2.72 161 2.73 170 2.74 155 2.74 163 2.75 162 2.75
  22  0.247  0.416  0.250 155 2.73 157 2.73 156 2.73 164 2.74 166 2.75 165 2.76
  23  0.500  0.416  0.256 159 2.73 157 2.73 167 2.74 168 2.81 158 2.82 166 2.84
  24  0.748  0.415  0.250 161 2.72 160 2.72 159 2.73 168 2.74 170 2.76 169 2.77
  25  0.999  0.498  0.251 169 2.73 163 2.74 170 2.74 172 2.74 171 2.76 178 2.77
  26  0.249  0.499  0.255 165 2.71 173 2.72 163 2.73 174 2.80 164 2.80 172 2.81 114 3.16
  27  0.498  0.499  0.251 166 2.74 167 2.74 165 2.75 174 2.75 175 2.75 176 2.78
  28  0.749  0.500  0.251 176 2.78 177 2.79 167 2.80 168 2.80 178 2.80 169 2.81 121 3.08 122 3.11
  29  1.000  0.583  0.250 178 2.73 179 2.74 180 2.74 177 2.74 186 2.75 171 2.75
  30  0.251  0.583  0.249 181 2.72 182 2.73 180 2.74 173 2.74 172 2.75 171 2.77
  31  0.497  0.584  0.245 182 2.72 174 2.74 184 2.75 183 2.81 173 2.81 175 2.85 116 3.14
  32  0.754  0.585  0.251 186 2.73 185 2.73 184 2.74 177 2.75 176 2.77 175 2.78
  33  0.999  0.665  0.251 186 2.73 179 2.73 185 2.74 188 2.75 194 2.77 187 2.78
  34  0.246  0.665  0.250 180 2.79 179 2.79 189 2.80 188 2.80 190 2.81 181 2.82 111 3.11 112 3.11
  35  0.495  0.666  0.250 181 2.71 190 2.73 182 2.74 183 2.75 191 2.76 192 2.77
  36  0.755  0.667  0.256 185 2.71 193 2.73 183 2.74 194 2.78 184 2.82 192 2.83 119 3.17
  37  0.998  0.751  0.250 202 2.73 195 2.74 193 2.74 196 2.76 187 2.76 194 2.76
  38  0.247  0.750  0.244 196 2.72 198 2.74 188 2.75 187 2.80 197 2.82 189 2.85 113 3.16
  39  0.505  0.750  0.250 200 2.73 191 2.73 199 2.74 190 2.74 189 2.77 198 2.78
  40  0.751  0.750  0.256 201 2.72 191 2.73 193 2.74 192 2.80 202 2.81 200 2.84 118 3.17
  41  0.999  0.835  0.250 203 2.72 201 2.72 210 2.73 204 2.74 202 2.77 195 2.78
  42  0.248  0.832  0.249 197 2.72 196 2.72 195 2.74 206 2.75 204 2.75 205 2.76
  43  0.501  0.833  0.254 207 2.73 197 2.74 199 2.74 198 2.81 206 2.82 208 2.82 102 3.14
  44  0.753  0.834  0.246 200 2.72 210 2.73 208 2.75 209 2.79 201 2.80 199 2.83 106 3.16
  45  0.001  0.915  0.250 210 2.72 203 2.72 212 2.73 209 2.74 211 2.77 218 2.78
  46  0.247  0.916  0.254 213 2.72 203 2.73 205 2.75 204 2.80 212 2.80 214 2.83 104 3.16
  47  0.499  0.917  0.246 206 2.73 214 2.74 216 2.74 215 2.80 205 2.81 207 2.82 101 3.14
  48  0.752  0.918  0.251 216 2.72 217 2.72 218 2.74 207 2.75 209 2.75 208 2.76
  49  0.999  0.999  0.750 313 2.72 220 2.74 314 2.74 226 2.75 219 2.75 307 2.75
  50  0.247  0.999  0.756 307 2.72 309 2.73 221 2.74 308 2.80 220 2.81 222 2.84 103 3.16
  51  0.503  0.000  0.750 311 2.73 224 2.73 310 2.75 223 2.75 222 2.76 309 2.76
  52  0.749  0.000  0.745 224 2.72 312 2.73 226 2.74 225 2.80 311 2.82 313 2.83 105 3.16
  53  0.003  0.083  0.750 228 2.72 219 2.73 226 2.74 227 2.75 225 2.75 234 2.76
  54  0.253  0.084  0.750 229 2.78 230 2.79 221 2.79 220 2.80 228 2.80 219 2.81 107 3.11  98 3.11
  55  0.499  0.084  0.750 231 2.73 230 2.74 221 2.74 223 2.75 222 2.76 232 2.76
  56  0.747  0.083  0.749 232 2.78 223 2.79 225 2.80 233 2.80 224 2.81 234 2.81  97 3.08 108 3.11
  57  0.001  0.167  0.750 234 2.74 236 2.74 233 2.74 242 2.74 227 2.74 235 2.74
  58  0.251  0.167  0.751 228 2.73 237 2.74 238 2.74 236 2.74 229 2.74 227 2.75
  59  0.500  0.167  0.750 230 2.74 238 2.74 239 2.74 240 2.74 229 2.75 231 2.75
  60  0.750  0.167  0.750 233 2.73 240 2.74 232 2.74 241 2.74 242 2.75 231 2.75
  61  0.998  0.250  0.751 241 2.72 250 2.72 243 2.74 242 2.75 244 2.76 235 2.76
  62  0.253  0.250  0.751 237 2.78 246 2.79 236 2.80 244 2.80 235 2.81 245 2.81 110 3.10  99 3.13
  63  0.498  0.250  0.751 246 2.73 237 2.73 247 2.74 238 2.75 239 2.75 248 2.76
  64  0.754  0.251  0.752 241 2.78 250 2.78 248 2.80 239 2.80 240 2.81 249 2.82 109 3.09 100 3.13
  65  0.999  0.332  0.751 249 2.73 250 2.73 243 2.73 252 2.75 251 2.76 258 2.77
  66  0.250  0.333  0.756 253 2.73 245 2.73 243 2.74 244 2.79 254 2.81 252 2.82 115 3.17
  67  0.498  0.332  0.751 246 2.72 245 2.73 247 2.74 254 2.77 255 2.78 256 2.78
  68  0.751  0.334  0.757 257 2.72 249 2.73 247 2.73 256 2.80 258 2.82 248 2.82 120 3.17
  69  1.000  0.417  0.750 258 2.73 259 2.73 266 2.75 251 2.75 260 2.75 257 2.76
  70  0.249  0.418  0.749 261 2.72 252 2.73 262 2.74 260 2.74 251 2.75 253 2.76
  71  0.498  0.417  0.744 254 2.73 262 2.73 264 2.75 263 2.80 253 2.82 255 2.85 117 3.16
  72  0.756  0.418  0.750 265 2.73 266 2.73 257 2.74 256 2.75 264 2.76 255 2.78
  73  0.003  0.501  0.749 268 2.73 274 2.74 267 2.74 259 2.75 265 2.76 266 2.76
  74  0.247  0.500  0.745 268 2.71 260 2.73 270 2.73 259 2.79 269 2.80 261 2.82 114 3.17
  75  0.500  0.501  0.749 270 2.73 272 2.74 271 2.74 261 2.75 263 2.76 262 2.76
  76  0.753  0.500  0.749 274 2.78 265 2.79 264 2.79 273 2.80 263 2.81 272 2.82 121 3.09 122 3.12
  77  0.001  0.583  0.750 276 2.73 273 2.73 275 2.74 274 2.75 267 2.75 282 2.75
  78  0.246  0.581  0.750 267 2.73 276 2.74 268 2.74 269 2.74 278 2.77 277 2.77
  79  0.501  0.582  0.754 271 2.71 279 2.75 269 2.75 280 2.81 270 2.81 278 2.85 116 3.17
  80  0.746  0.582  0.751 272 2.72 271 2.73 280 2.74 273 2.75 281 2.75 282 2.77
  81  0.997  0.668  0.750 281 2.72 283 2.73 290 2.73 284 2.74 282 2.77 275 2.78
  82  0.253  0.667  0.750 277 2.78 286 2.79 285 2.80 284 2.81 275 2.81 276 2.82 111 3.09 112 3.09
  83  0.505  0.667  0.749 288 2.73 287 2.74 279 2.74 278 2.75 286 2.76 277 2.80
  84  0.747  0.666  0.745 288 2.71 280 2.72 290 2.74 279 2.79 289 2.80 281 2.83
  85  0.001  0.750  0.750 292 2.72 283 2.73 289 2.74 290 2.74 298 2.75 291 2.76
  86  0.250  0.750  0.754 285 2.72 293 2.73 283 2.74 284 2.80 294 2.82 292 2.83 113 3.17
  87  0.498  0.750  0.750 294 2.73 285 2.73 295 2.74 286 2.75 296 2.76 287 2.76
  88  0.750  0.750  0.744 296 2.72 298 2.73 288 2.74 289 2.80 297 2.82 287 2.83 118 3.17
  89  0.001  0.831  0.749 291 2.72 298 2.73 300 2.73 297 2.74 299 2.79 306 2.79
  90  0.248  0.834  0.750 301 2.72 300 2.73 291 2.74 292 2.75 302 2.75 293 2.77
  91  0.500  0.833  0.746 294 2.73 302 2.74 304 2.74 303 2.81 295 2.81 293 2.82 102 3.15
  92  0.750  0.834  0.755 295 2.72 305 2.73 297 2.75 306 2.80 304 2.80 296 2.83 106 3.15
  93  0.998  0.918  0.751 307 2.72 314 2.72 305 2.73 308 2.75 306 2.78 299 2.79
  94  0.250  0.916  0.745 310 2.73 300 2.73 308 2.75 299 2.80 301 2.80 309 2.83 104 3.15
  95  0.500  0.917  0.754 311 2.73 303 2.74 301 2.74 302 2.81 310 2.81 312 2.82 101 3.15
  96  0.751  0.916  0.750 304 2.71 305 2.73 314 2.74 313 2.74 303 2.75 312 2.77
  97  0.751  0.084  0.500 224 2.77 137 2.77 129 2.78 234 2.78 127 2.78 232 2.79  56 3.08   8 3.10
  98  0.249  0.084  0.499 228 2.76 133 2.77 123 2.78 230 2.79 220 2.79 125 2.80   6 3.09  54 3.11
  99  0.250  0.250  0.499 141 2.76 236 2.77 246 2.78 139 2.78 244 2.80 149 2.81  14 3.10  62 3.13
 100  0.751  0.250  0.499 145 2.76 240 2.77 250 2.78 143 2.78 248 2.80 153 2.80  16 3.10  64 3.13
 101  0.500  0.917  0.500 310 2.76 302 2.77 207 2.77 215 2.77 312 2.79 205 2.80  47 3.14  95 3.15
 102  0.499  0.833  0.001 295 2.77 303 2.77 206 2.77 198 2.78 293 2.79 208 2.80  43 3.14  91 3.15
 103  0.250  1.000  0.501 213 2.76 308 2.77 222 2.77 220 2.78 125 2.79 211 2.79  50 3.16
 104  0.247  0.916  0.999 212 2.77 301 2.77 299 2.77 204 2.78 309 2.78 214 2.78  94 3.15  46 3.16
 105  0.752  1.000  0.000 216 2.76 130 2.77 313 2.77 225 2.78 311 2.79 128 2.81  52 3.16   4 3.17
 106  0.753  0.834  0.501 201 2.76 304 2.77 306 2.77 209 2.78 296 2.78 199 2.79  92 3.15  44 3.16
 107  0.250  0.083  0.001 132 2.77 219 2.77 124 2.78 221 2.78 134 2.78 229 2.78   6 3.08  54 3.11
 108  0.749  0.084  0.999 136 2.76 233 2.77 223 2.78 128 2.79 138 2.80 225 2.81  56 3.11   8 3.11
 109  0.751  0.250  0.001 249 2.77 152 2.78 144 2.78 241 2.79 154 2.79 239 2.79  16 3.08  64 3.09
 110  0.251  0.250  0.001 245 2.76 140 2.77 148 2.78 237 2.78 150 2.79 235 2.79  14 3.07  62 3.10
 111  0.249  0.666  0.999 180 2.78 285 2.78 190 2.79 275 2.79 188 2.79 277 2.80  82 3.09  34 3.11
 112  0.251  0.666  0.501 181 2.76 276 2.77 286 2.79 189 2.79 179 2.80 284 2.80  82 3.09  34 3.11
 113  0.247  0.750  0.499 197 2.76 187 2.77 292 2.77 284 2.78 294 2.80 189 2.81  38 3.16  86 3.17
 114  0.249  0.500  0.000 269 2.76 261 2.76 172 2.76 259 2.77 164 2.77 174 2.77  26 3.16  74 3.17
 115  0.249  0.334  0.500 157 2.76 252 2.77 147 2.77 244 2.78 254 2.79 149 2.79  66 3.17  18 3.17
 116  0.499  0.583  0.499 278 2.78 175 2.78 280 2.78 173 2.78 183 2.79 270 2.80  31 3.14  79 3.17
 117  0.498  0.416  0.999 158 2.76 253 2.77 166 2.79 255 2.79 168 2.79 263 2.79  71 3.16
 118  0.750  0.750  1.000 200 2.76 297 2.77 287 2.78 289 2.78 202 2.78 192 2.80  88 3.17  40 3.17
 119  0.752  0.666  0.001 184 2.76 281 2.76 194 2.77 289 2.78 279 2.79 192 2.80  36 3.17
 120  0.750  0.334  0.501 256 2.76 161 2.77 151 2.77 258 2.78 153 2.79 248 2.79  68 3.17
 121  0.751  0.500  0.500 264 2.77 272 2.78 177 2.78 274 2.78 167 2.78 169 2.79  28 3.08  76 3.09
 122  0.753  0.501  0.000 273 2.76 178 2.76 176 2.79 265 2.79 263 2.80 168 2.80  28 3.11  76 3.12