   1  0.999  0.999  0.250 217 2.74 130 2.74 211 2.74 218 2.75 124 2.75 123 2.76
   2  0.251  1.000  0.244 126 2.72 212 2.73 124 2.74 125 2.81 213 2.81 211 2.82
   3  0.496  1.000  0.250 213 2.72 126 2.72 127 2.74 214 2.74 128 2.77 215 2.78
   4  0.752  0.999  0.256 217 2.72 215 2.74 129 2.75 130 2.80 216 2.82 128 2.85 112 3.16
   5  0.999  0.084  0.250 129 2.73 131 2.74 138 2.74 132 2.75 123 2.76 130 2.76
   6  0.247  0.083  0.249 132 2.78 123 2.78 124 2.80 125 2.80 134 2.81 133 2.81 116 3.08  98 3.10
   7  0.502  0.083  0.249 136 2.72 127 2.73 126 2.74 135 2.75 134 2.75 125 2.75
   8  0.753  0.084  0.251 137 2.78 138 2.79 128 2.79 129 2.80 136 2.81 127 2.81  97 3.09 117 3.11
   9  1.000  0.167  0.250 139 2.74 138 2.74 137 2.74 140 2.74 131 2.74 146 2.75
  10  0.250  0.167  0.250 133 2.73 141 2.74 132 2.74 140 2.74 131 2.74 142 2.75
  11  0.500  0.167  0.250 133 2.74 143 2.74 134 2.74 144 2.74 142 2.74 135 2.74
  12  0.750  0.167  0.251 136 2.73 145 2.73 137 2.74 144 2.74 146 2.74 135 2.75
  13  1.000  0.250  0.250 147 2.74 148 2.74 145 2.74 146 2.74 139 2.75 154 2.75
  14  0.250  0.250  0.250 149 2.79 141 2.79 140 2.79 148 2.79 150 2.80 139 2.80 119 3.10  99 3.10
  15  0.500  0.250  0.250 141 2.74 151 2.74 152 2.74 150 2.74 143 2.74 142 2.75
  16  0.750  0.250  0.250 144 2.79 153 2.79 152 2.79 145 2.79 154 2.80 143 2.80 118 3.10 100 3.10
  17  1.000  0.333  0.250 154 2.74 155 2.74 156 2.74 153 2.75 162 2.75 147 2.75
  18  0.249  0.333  0.249 157 2.73 148 2.74 156 2.74 149 2.75 158 2.75 147 2.75
  19  0.500  0.333  0.250 160 2.74 150 2.74 149 2.74 159 2.74 151 2.75 158 2.75
  20  0.750  0.333  0.250 160 2.74 152 2.74 153 2.74 161 2.74 162 2.75 151 2.75
  21  0.001  0.416  0.250 164 2.73 162 2.74 155 2.74 161 2.75 170 2.76 163 2.77
  22  0.247  0.416  0.249 156 2.78 155 2.79 165 2.80 164 2.80 157 2.81 166 2.82 120 3.09 102 3.11
  23  0.498  0.417  0.251 157 2.73 166 2.73 167 2.74 159 2.76 168 2.76 158 2.76
  24  0.753  0.417  0.251 161 2.78 170 2.79 168 2.80 169 2.80 159 2.81 160 2.81 101 3.08 121 3.10
  25  0.002  0.501  0.250 172 2.74 163 2.74 178 2.74 171 2.75 169 2.76 170 2.77
  26  0.248  0.501  0.244 172 2.72 174 2.74 164 2.75 163 2.80 173 2.82 165 2.85 111 3.16
  27  0.505  0.500  0.250 176 2.72 167 2.73 166 2.74 175 2.74 165 2.77 174 2.78
  28  0.749  0.500  0.256 167 2.72 177 2.73 169 2.74 168 2.80 176 2.81 178 2.83
  29  1.000  0.586  0.250 179 2.72 186 2.72 177 2.73 180 2.74 178 2.77 171 2.78
  30  0.248  0.582  0.249 173 2.72 172 2.72 171 2.74 182 2.74 180 2.75 181 2.76
  31  0.501  0.584  0.254 183 2.73 173 2.74 175 2.74 174 2.81 184 2.81 182 2.81 106 3.15
  32  0.754  0.584  0.246 176 2.72 186 2.73 184 2.75 185 2.80 177 2.80 175 2.83 114 3.16
  33  0.001  0.665  0.251 186 2.72 188 2.72 179 2.73 185 2.74 187 2.77 194 2.78
  34  0.247  0.667  0.254 189 2.72 179 2.73 181 2.75 180 2.80 188 2.80 190 2.83 110 3.15
  35  0.500  0.667  0.246 182 2.73 190 2.74 192 2.74 191 2.81 183 2.81 181 2.81 104 3.15
  36  0.753  0.668  0.250 192 2.72 193 2.72 194 2.74 183 2.74 185 2.75 184 2.76
  37  1.000  0.750  0.250 187 2.74 202 2.74 193 2.74 196 2.74 194 2.75 195 2.75
  38  0.249  0.751  0.246 198 2.73 196 2.73 188 2.74 187 2.80 197 2.80 189 2.83 109 3.17
  39  0.500  0.750  0.250 190 2.74 199 2.74 191 2.74 198 2.74 200 2.75 189 2.75
  40  0.751  0.749  0.255 191 2.73 193 2.73 201 2.74 202 2.80 192 2.80 200 2.83 115 3.17
  41  0.999  0.835  0.249 203 2.72 201 2.72 210 2.73 204 2.74 202 2.77 195 2.78
  42  0.247  0.832  0.250 197 2.72 196 2.72 195 2.74 206 2.74 204 2.75 205 2.76
  43  0.500  0.833  0.254 207 2.73 199 2.74 197 2.74 198 2.80 206 2.81 208 2.82 105 3.15
  44  0.752  0.833  0.246 200 2.72 210 2.73 208 2.75 209 2.80 201 2.80 199 2.83 113 3.15
  45  0.000  0.915  0.250 210 2.72 203 2.72 212 2.73 209 2.74 211 2.77 218 2.78
  46  0.246  0.916  0.254 213 2.72 203 2.73 205 2.75 204 2.80 212 2.80 214 2.83 108 3.16
  47  0.499  0.917  0.246 206 2.73 216 2.74 214 2.74 215 2.81 205 2.81 207 2.81 103 3.14
  48  0.752  0.918  0.251 216 2.72 217 2.72 218 2.74 207 2.74 209 2.75 208 2.76
  49  0.998  0.999  0.750 313 2.73 220 2.74 314 2.74 226 2.75 307 2.75 219 2.75
  50  0.247  0.999  0.756 307 2.72 309 2.73 221 2.74 308 2.81 220 2.81 222 2.84 107 3.16
  51  0.502  1.000  0.750 311 2.73 224 2.73 310 2.75 223 2.75 222 2.76 309 2.76
  52  0.749  1.000  0.745 224 2.72 312 2.73 226 2.74 225 2.80 311 2.82 313 2.83 112 3.17
  53  0.002  0.083  0.750 228 2.72 219 2.73 226 2.74 225 2.75 227 2.75 234 2.76
  54  0.252  0.084  0.751 229 2.79 230 2.79 221 2.79 220 2.80 228 2.81 219 2.81 116 3.10  98 3.12
  55  0.499  0.084  0.750 231 2.73 230 2.74 221 2.74 223 2.76 232 2.76 222 2.76
  56  0.747  0.083  0.749 232 2.78 223 2.78 225 2.80 234 2.81 224 2.81 233 2.81  97 3.09 117 3.10
  57  0.000  0.167  0.750 233 2.74 236 2.74 235 2.74 234 2.74 242 2.75 227 2.75
  58  0.251  0.167  0.751 228 2.73 237 2.74 238 2.74 227 2.75 229 2.75 236 2.75
  59  0.500  0.167  0.750 230 2.74 239 2.74 238 2.74 229 2.75 231 2.75 240 2.75
  60  0.750  0.167  0.750 233 2.74 232 2.74 241 2.74 240 2.74 242 2.75 231 2.75
  61  1.000  0.250  0.750 243 2.74 250 2.74 235 2.74 241 2.74 244 2.74 242 2.74
  62  0.250  0.250  0.750 236 2.79 244 2.79 237 2.79 245 2.80 246 2.80 235 2.80 119 3.10  99 3.10
  63  0.500  0.250  0.750 247 2.74 237 2.74 248 2.74 239 2.74 238 2.74 246 2.75
  64  0.750  0.250  0.750 249 2.79 241 2.79 248 2.79 240 2.80 250 2.80 239 2.80 118 3.10 100 3.10
  65  1.000  0.333  0.750 252 2.74 249 2.74 250 2.74 251 2.74 243 2.75 258 2.75
  66  0.250  0.333  0.750 252 2.74 253 2.74 244 2.74 245 2.74 254 2.75 243 2.75
  67  0.500  0.333  0.750 255 2.74 246 2.74 256 2.74 245 2.75 254 2.75 247 2.75
  68  0.749  0.333  0.749 248 2.74 257 2.74 247 2.75 249 2.75 256 2.75 258 2.75
  69  0.998  0.417  0.751 257 2.72 266 2.73 259 2.74 260 2.75 258 2.76 251 2.76
  70  0.253  0.417  0.751 253 2.78 262 2.78 260 2.80 251 2.81 261 2.81 252 2.81 120 3.09 102 3.10
  71  0.501  0.416  0.750 254 2.73 255 2.74 264 2.74 262 2.76 253 2.76 263 2.76
  72  0.748  0.416  0.750 256 2.79 255 2.79 264 2.79 257 2.81 265 2.81 266 2.81 101 3.10 121 3.11
  73  0.002  0.501  0.750 268 2.72 265 2.74 267 2.74 259 2.75 266 2.75 274 2.75
  74  0.251  0.500  0.755 261 2.72 269 2.73 259 2.74 260 2.80 270 2.82 268 2.83 111 3.16
  75  0.498  0.500  0.750 270 2.73 261 2.73 271 2.75 262 2.75 263 2.76 272 2.76
  76  0.754  0.501  0.744 274 2.72 272 2.73 264 2.75 273 2.80 265 2.81 263 2.84 122 3.16
  77  0.002  0.582  0.749 274 2.72 267 2.72 276 2.73 273 2.75 275 2.78 282 2.79
  78  0.249  0.585  0.750 277 2.71 276 2.73 267 2.73 268 2.74 278 2.75 269 2.77
  79  0.501  0.584  0.746 270 2.73 278 2.73 280 2.74 271 2.81 279 2.81 269 2.82 106 3.15
  80  0.751  0.585  0.755 271 2.72 281 2.73 273 2.74 282 2.80 280 2.80 272 2.83 114 3.15
  81  0.998  0.669  0.751 283 2.72 290 2.72 281 2.73 284 2.75 282 2.78 275 2.79
  82  0.250  0.666  0.745 286 2.72 276 2.73 284 2.75 275 2.80 277 2.81 285 2.84 110 3.15
  83  0.501  0.667  0.754 287 2.73 279 2.74 277 2.75 278 2.80 286 2.81 288 2.82 104 3.15
  84  0.753  0.666  0.751 280 2.72 281 2.73 290 2.74 289 2.75 279 2.75 288 2.77
  85  1.000  0.750  0.750 292 2.73 289 2.73 283 2.75 298 2.75 290 2.75 291 2.75
  86  0.247  0.749  0.755 285 2.72 283 2.73 293 2.74 284 2.79 292 2.82 294 2.85 109 3.14
  87  0.500  0.750  0.750 286 2.74 295 2.74 294 2.74 287 2.74 285 2.75 296 2.75
  88  0.753  0.751  0.745 296 2.72 298 2.73 288 2.74 297 2.79 289 2.82 287 2.85 115 3.14
  89  0.002  0.831  0.750 298 2.72 291 2.72 300 2.73 297 2.75 299 2.78 306 2.79
  90  0.247  0.834  0.750 301 2.72 300 2.73 291 2.74 292 2.75 302 2.75 293 2.77
  91  0.499  0.833  0.746 294 2.73 302 2.74 304 2.75 303 2.80 295 2.81 293 2.82 105 3.15
  92  0.750  0.834  0.755 295 2.72 305 2.73 297 2.75 306 2.80 304 2.81 296 2.83 113 3.15
  93  0.998  0.918  0.751 307 2.72 314 2.73 305 2.73 308 2.75 306 2.78 299 2.79
  94  0.250  0.916  0.745 310 2.72 300 2.73 308 2.74 301 2.80 299 2.80 309 2.83 108 3.14
  95  0.500  0.916  0.754 311 2.73 303 2.73 301 2.74 310 2.81 302 2.81 312 2.82 103 3.15
  96  0.751  0.915  0.750 304 2.72 305 2.73 314 2.74 313 2.74 303 2.75 312 2.77
  97  0.750  0.083  0.500 224 2.77 137 2.78 129 2.78 127 2.78 234 2.78 232 2.78  56 3.09   8 3.09
  98  0.249  0.084  0.499 228 2.76 133 2.76 123 2.78 230 2.79 220 2.79 125 2.80   6 3.10  54 3.12
  99  0.250  0.250  0.500 246 2.78 236 2.78 141 2.78 139 2.78 149 2.78 244 2.78  14 3.10  62 3.10
 100  0.750  0.250  0.500 248 2.78 240 2.78 145 2.78 153 2.78 250 2.78 143 2.78  64 3.10  16 3.10
 101  0.750  0.417  0.499 169 2.78 264 2.78 266 2.78 159 2.78 161 2.78 256 2.79  24 3.08  72 3.10
 102  0.251  0.416  0.500 157 2.77 252 2.77 262 2.78 155 2.79 165 2.80 260 2.81  70 3.10  22 3.11
 103  0.500  0.917  0.499 310 2.77 207 2.77 215 2.78 302 2.78 312 2.79 205 2.80  47 3.14  95 3.15
 104  0.501  0.667  0.500 278 2.77 191 2.77 286 2.77 183 2.78 288 2.80 181 2.80  35 3.15  83 3.15
 105  0.499  0.833  1.000 303 2.77 198 2.77 295 2.77 206 2.78 293 2.80 208 2.80  43 3.15  91 3.15
 106  0.500  0.584  0.000 271 2.77 182 2.77 174 2.77 279 2.78 269 2.79 184 2.80  31 3.15  79 3.15
 107  0.250  0.999  0.501 213 2.75 308 2.76 222 2.78 220 2.78 125 2.79 211 2.79  50 3.16
 108  0.247  0.916  0.999 212 2.77 301 2.77 299 2.77 309 2.78 204 2.78 214 2.78  94 3.14  46 3.16
 109  0.248  0.750  0.501 284 2.77 292 2.77 294 2.77 197 2.78 187 2.78 189 2.78  86 3.14  38 3.17
 110  0.248  0.666  1.000 180 2.77 277 2.77 188 2.77 285 2.78 275 2.78 190 2.79  82 3.15  34 3.15
 111  0.249  0.501  0.500 173 2.76 163 2.77 268 2.77 270 2.78 260 2.79 165 2.80  26 3.16  74 3.16
 112  0.751  0.999  0.000 216 2.76 130 2.77 313 2.77 311 2.79 225 2.79 128 2.80   4 3.16  52 3.17
 113  0.753  0.834  0.500 209 2.77 304 2.77 201 2.78 306 2.78 296 2.78 199 2.79  92 3.15  44 3.15
 114  0.753  0.584  0.501 177 2.77 280 2.77 282 2.77 272 2.78 175 2.78 185 2.78  80 3.15  32 3.16
 115  0.751  0.750  0.999 297 2.77 289 2.77 287 2.77 202 2.77 192 2.78 200 2.78  88 3.14  40 3.17
 116  0.250  0.083  0.001 124 2.77 219 2.78 221 2.78 132 2.78 134 2.78 229 2.79   6 3.08  54 3.10
 117  0.749  0.084  1.000 136 2.76 233 2.77 223 2.78 138 2.79 128 2.79 225 2.80  56 3.10   8 3.11
 118  0.750  0.250  0.000 239 2.78 152 2.78 144 2.78 154 2.78 249 2.78 241 2.78  16 3.10  64 3.10
 119  0.250  0.250  1.000 237 2.78 148 2.78 235 2.78 140 2.78 245 2.78 150 2.78  62 3.10  14 3.10
 120  0.250  0.417  1.000 261 2.77 156 2.78 164 2.78 166 2.78 251 2.78 253 2.79  70 3.09  22 3.09
 121  0.751  0.416  0.001 257 2.76 160 2.77 170 2.78 255 2.79 265 2.80 168 2.80  24 3.10  72 3.11
 122  0.750  0.501  0.999 176 2.75 273 2.76 263 2.78 265 2.78 168 2.79 178 2.79  76 3.16